Date	Time	Samples	Channel0	Channel1	Channel2	Channel3	Channel4	Channel5	Channel6	Channel7
2021-07-12	17:07:22:059	1	1.7511	0.0031	1.7489	1.7444	1.7518	1.748	1.7455	1.7434
2021-07-12	17:07:22:161	2	1.7511	0.0031	1.7489	1.7444	1.7466	1.748	1.7455	1.7434
2021-07-12	17:07:22:264	3	1.7511	0.0031	1.7489	1.7444	1.7518	1.748	1.7455	1.7434
2021-07-12	17:07:22:367	4	1.7511	0.0031	1.7489	1.7444	1.7466	1.748	1.7455	1.7434
2021-07-12	17:07:22:469	5	1.7511	0.0031	1.7438	1.7444	1.7518	1.748	1.7455	1.7434
2021-07-12	17:07:22:572	6	1.7511	0.0031	1.7438	1.7444	1.7518	1.748	1.7455	1.7383
2021-07-12	17:07:22:675	7	1.7511	0.0031	1.7489	1.7444	1.7518	1.748	1.7455	1.7434
2021-07-12	17:07:22:779	8	1.7511	0.0031	1.7438	1.7444	1.7466	1.748	1.7455	1.7434
2021-07-12	17:07:22:883	9	1.7511	0.0031	1.7489	1.7444	1.7518	1.748	1.7455	1.7434
2021-07-12	17:07:22:987	10	1.7511	0.0031	1.7489	1.7444	1.7466	1.748	1.7455	1.7383
2021-07-12	17:07:23:091	11	1.7511	0.0031	1.7489	1.7444	1.7466	1.748	1.7455	1.7434
2021-07-12	17:07:23:196	12	1.7511	0.0031	1.7489	1.7444	1.7466	1.748	1.7455	1.7434
2021-07-12	17:07:23:300	13	1.7511	0.0031	1.7489	1.7444	1.7466	1.748	1.7455	1.7434
2021-07-12	17:07:23:404	14	1.7511	0.0031	1.7438	1.7444	1.7466	1.748	1.7455	1.7434
2021-07-12	17:07:23:508	15	1.7511	0.0031	1.7438	1.7444	1.7466	1.748	1.7455	1.7434
2021-07-12	17:07:23:612	16	1.7511	0.0031	1.7489	1.7444	1.7466	1.748	1.7455	1.7434
2021-07-12	17:07:23:716	17	1.7511	0.0031	1.7438	1.7444	1.7466	1.748	1.7455	1.7434
2021-07-12	17:07:23:820	18	1.7511	0.0031	1.7438	1.7444	1.7466	1.748	1.7455	1.7434
2021-07-12	17:07:23:924	19	1.7511	0.0031	1.7489	1.7444	1.7518	1.748	1.7455	1.7434
2021-07-12	17:07:24:028	20	1.7511	0.0031	1.7438	1.7444	1.7466	1.748	1.7455	1.7434
2021-07-12	17:07:24:132	21	1.7511	0.0031	1.7438	1.7444	1.7518	1.748	1.7455	1.7434
2021-07-12	17:07:24:236	22	1.7511	0.0031	1.7489	1.7444	1.7518	1.748	1.7455	1.7434
2021-07-12	17:07:24:340	23	1.7511	0.0031	1.7438	1.7444	1.7518	1.748	1.7455	1.7434
2021-07-12	17:07:24:444	24	1.7511	0.0031	1.7489	1.7444	1.7466	1.748	1.7455	1.7434
2021-07-12	17:07:24:548	25	1.7511	0.0031	1.7438	1.7444	1.7466	1.748	1.7455	1.7434
2021-07-12	17:07:24:652	26	1.7511	0.0031	1.7438	1.7444	1.7466	1.748	1.7455	1.7434
2021-07-12	17:07:24:756	27	1.7511	0.0031	1.7438	1.7444	1.7466	1.748	1.7455	1.7434
2021-07-12	17:07:24:860	28	1.7511	0.0031	1.7489	1.7444	1.7466	1.748	1.7455	1.7434
2021-07-12	17:07:24:964	29	1.7511	0.0031	1.7438	1.7444	1.7518	1.748	1.7455	1.7434
2021-07-12	17:07:25:068	30	1.7511	0.0031	1.7438	1.7444	1.7518	1.7429	1.7455	1.7383
2021-07-12	17:07:25:172	31	1.7511	0.0031	1.7489	1.7444	1.7466	1.748	1.7455	1.7383
2021-07-12	17:07:25:275	32	1.7511	0.0031	1.7438	1.7444	1.7466	1.748	1.7455	1.7434
2021-07-12	17:07:25:379	33	1.7511	0.0031	1.7489	1.7444	1.7466	1.748	1.7455	1.7434
2021-07-12	17:07:25:483	34	1.7511	0.0031	1.7438	1.7444	1.7518	1.748	1.7455	1.7434
2021-07-12	17:07:25:587	35	1.7511	0.0031	1.7489	1.7393	1.7518	1.748	1.7455	1.7383
2021-07-12	17:07:25:691	36	1.7511	0.0031	1.7438	1.7444	1.7466	1.748	1.7455	1.7434
2021-07-12	17:07:25:795	37	1.7511	0.0031	1.7489	1.7444	1.7518	1.748	1.7455	1.7434
2021-07-12	17:07:25:899	38	1.7511	0.0031	1.7489	1.7444	1.7518	1.748	1.7455	1.7434
2021-07-12	17:07:26:003	39	1.7511	0.0031	1.7438	1.7444	1.7466	1.748	1.7404	1.7383
2021-07-12	17:07:26:107	40	1.7511	0.0031	1.7438	1.7444	1.7518	1.748	1.7455	1.7434
2021-07-12	17:07:26:210	41	1.7511	0.0031	1.7489	1.7444	1.7466	1.748	1.7455	1.7434
2021-07-12	17:07:26:314	42	1.7511	0.0031	1.7438	1.7444	1.7466	1.748	1.7455	1.7434
2021-07-12	17:07:26:418	43	1.7511	0.0031	1.7438	1.7444	1.7518	1.748	1.7455	1.7383
2021-07-12	17:07:26:522	44	1.7511	0.0031	1.7438	1.7444	1.7518	1.7429	1.7455	1.7434
2021-07-12	17:07:26:625	45	1.7511	-0.0021	1.7438	1.7444	1.7518	1.748	1.7455	1.7434
2021-07-12	17:07:26:729	46	1.7511	0.0031	1.7438	1.7444	1.7518	1.748	1.7455	1.7434
2021-07-12	17:07:26:833	47	1.7511	0.0031	1.7489	1.7444	1.7466	1.748	1.7455	1.7434
2021-07-12	17:07:26:937	48	1.7511	0.0031	1.7438	1.7444	1.7518	1.7429	1.7455	1.7434
2021-07-12	17:07:27:041	49	1.7511	0.0031	1.7438	1.7444	1.7466	1.748	1.7455	1.7434
2021-07-12	17:07:27:145	50	1.7511	0.0031	1.7489	1.7444	1.7466	1.748	1.7455	1.7434
2021-07-12	17:07:27:248	51	1.7511	0.0031	1.7438	1.7444	1.7466	1.748	1.7455	1.7434
2021-07-12	17:07:27:352	52	1.7511	0.0031	1.7438	1.7444	1.7466	1.748	1.7455	1.7434
2021-07-12	17:07:27:456	53	1.7511	0.0031	1.7438	1.7393	1.7518	1.748	1.7455	1.7434
2021-07-12	17:07:27:560	54	1.7511	0.0031	1.7489	1.7444	1.7466	1.748	1.7455	1.7434
2021-07-12	17:07:27:664	55	1.7511	0.0031	1.7438	1.7444	1.7518	1.748	1.7455	1.7434
2021-07-12	17:07:27:767	56	1.7511	0.0031	1.7489	1.7444	1.7466	1.748	1.7455	1.7434
2021-07-12	17:07:27:871	57	1.7511	0.0031	1.7489	1.7393	1.7466	1.7429	1.7455	1.7383
2021-07-12	17:07:27:975	58	1.7511	0.0031	1.7438	1.7444	1.7518	1.748	1.7455	1.7434
2021-07-12	17:07:28:079	59	1.7511	0.0031	1.7489	1.7444	1.7518	1.748	1.7455	1.7434
2021-07-12	17:07:28:182	60	1.7511	0.0031	1.7438	1.7444	1.7466	1.748	1.7455	1.7434
2021-07-12	17:07:28:286	61	1.7511	0.0031	1.7438	1.7444	1.7518	1.748	1.7455	1.7434
2021-07-12	17:07:28:390	62	1.7511	0.0031	1.7438	1.7444	1.7466	1.748	1.7455	1.7434
2021-07-12	17:07:28:494	63	1.7511	0.0031	1.7489	1.7444	1.7518	1.748	1.7455	1.7434
2021-07-12	17:07:28:598	64	1.7511	0.0031	1.7489	1.7444	1.7466	1.748	1.7455	1.7434
2021-07-12	17:07:28:701	65	1.7511	0.0031	1.7438	1.7444	1.7518	1.748	1.7455	1.7434
2021-07-12	17:07:28:805	66	1.7511	0.0031	1.7438	1.7444	1.7466	1.748	1.7455	1.7434
2021-07-12	17:07:28:908	67	1.7511	0.0031	1.7438	1.7444	1.7466	1.748	1.7455	1.7434
2021-07-12	17:07:29:011	68	1.7511	0.0031	1.7489	1.7444	1.7466	1.748	1.7455	1.7434
2021-07-12	17:07:29:115	69	1.7511	0.0031	1.7438	1.7444	1.7466	1.748	1.7455	1.7434
2021-07-12	17:07:29:219	70	1.7511	0.0031	1.7438	1.7444	1.7466	1.748	1.7455	1.7434
2021-07-12	17:07:29:322	71	1.7511	0.0031	1.7438	1.7393	1.7466	1.748	1.7455	1.7383
2021-07-12	17:07:29:426	72	1.7511	0.0031	1.7489	1.7444	1.7518	1.748	1.7455	1.7434
2021-07-12	17:07:29:529	73	1.7511	0.0031	1.7489	1.7444	1.7518	1.748	1.7455	1.7434
2021-07-12	17:07:29:632	74	1.7511	0.0031	1.7489	1.7444	1.7466	1.748	1.7455	1.7434
2021-07-12	17:07:29:736	75	1.7511	0.0031	1.7438	1.7444	1.7466	1.748	1.7455	1.7434
2021-07-12	17:07:29:839	76	1.7511	0.0031	1.7438	1.7444	1.7518	1.748	1.7404	1.7434
2021-07-12	17:07:29:943	77	1.7511	0.0031	1.7489	1.7444	1.7466	1.748	1.7455	1.7434
2021-07-12	17:07:30:046	78	1.7511	0.0031	1.7489	1.7444	1.7518	1.748	1.7455	1.7434
2021-07-12	17:07:30:150	79	1.7511	0.0031	1.7438	1.7444	1.7466	1.748	1.7455	1.7434
2021-07-12	17:07:30:253	80	1.7511	0.0031	1.7438	1.7444	1.7518	1.748	1.7455	1.7434
2021-07-12	17:07:30:357	81	1.7511	0.0031	1.7489	1.7444	1.7518	1.748	1.7455	1.7434
2021-07-12	17:07:30:460	82	1.7511	0.0031	1.7489	1.7444	1.7466	1.748	1.7455	1.7434
2021-07-12	17:07:30:563	83	1.7511	-0.0021	1.7489	1.7444	1.7466	1.748	1.7455	1.7434
2021-07-12	17:07:30:667	84	1.7511	0.0031	1.7438	1.7444	1.7466	1.748	1.7455	1.7434
2021-07-12	17:07:30:770	85	1.7511	0.0031	1.7438	1.7444	1.7518	1.748	1.7404	1.7434
2021-07-12	17:07:30:874	86	1.7511	0.0031	1.7438	1.7444	1.7518	1.748	1.7455	1.7434
2021-07-12	17:07:30:977	87	1.7511	0.0031	1.7489	1.7444	1.7466	1.7531	1.7455	1.7434
2021-07-12	17:07:31:080	88	1.7511	0.0031	1.7438	1.7444	1.7518	1.748	1.7455	1.7434
2021-07-12	17:07:31:184	89	1.7511	0.0031	1.7438	1.7444	1.7466	1.748	1.7455	1.7383
2021-07-12	17:07:31:288	90	1.7511	0.0031	1.7438	1.7444	1.7466	1.748	1.7455	1.7434
2021-07-12	17:07:31:391	91	1.7511	0.0031	1.7489	1.7444	1.7466	1.748	1.7455	1.7434
2021-07-12	17:07:31:497	92	1.7511	0.0031	1.7489	1.7444	1.7466	1.748	1.7455	1.7434
2021-07-12	17:07:31:603	93	1.7511	0.0031	1.7438	1.7444	1.7466	1.748	1.7455	1.7383
2021-07-12	17:07:31:708	94	1.7511	0.0031	1.7438	1.7444	1.7466	1.748	1.7455	1.7434
2021-07-12	17:07:31:814	95	1.7511	0.0031	1.7438	1.7444	1.7466	1.748	1.7455	1.7434
2021-07-12	17:07:31:919	96	1.7511	0.0031	1.7438	1.7444	1.7466	1.748	1.7404	1.7383
2021-07-12	17:07:32:024	97	1.7511	0.0031	1.7438	1.7444	1.7466	1.748	1.7455	1.7434
2021-07-12	17:07:32:129	98	1.7511	0.0031	1.7489	1.7444	1.7518	1.748	1.7455	1.7434
2021-07-12	17:07:32:233	99	1.7511	0.0031	1.7438	1.7444	1.7518	1.748	1.7455	1.7434
2021-07-12	17:07:32:341	100	1.7511	0.0031	1.7489	1.7444	1.7466	1.748	1.7455	1.7434
2021-07-12	17:07:32:446	101	1.7511	0.0031	1.7489	1.7444	1.7466	1.748	1.7455	1.7434
2021-07-12	17:07:32:550	102	1.7511	0.0031	1.7438	1.7444	1.7466	1.748	1.7455	1.7434
2021-07-12	17:07:32:655	103	1.7511	0.0031	1.7489	1.7444	1.7466	1.748	1.7404	1.7434
2021-07-12	17:07:32:759	104	1.7511	0.0031	1.7489	1.7444	1.7466	1.748	1.7455	1.7434
2021-07-12	17:07:32:864	105	1.7511	0.0031	1.7489	1.7444	1.7466	1.748	1.7455	1.7434
2021-07-12	17:07:32:969	106	1.7511	0.0031	1.7438	1.7444	1.7518	1.748	1.7455	1.7434
2021-07-12	17:07:33:072	107	1.7511	0.0031	1.7489	1.7444	1.7518	1.7429	1.7455	1.7434
2021-07-12	17:07:33:176	108	1.7511	0.0031	1.7489	1.7444	1.7466	1.7531	1.7455	1.7434
2021-07-12	17:07:33:279	109	1.7511	0.0031	1.7489	1.7496	1.7518	1.748	1.7455	1.7434
2021-07-12	17:07:33:383	110	1.7511	0.0031	1.7489	1.7444	1.7466	1.748	1.7455	1.7434
2021-07-12	17:07:33:486	111	1.7511	0.0031	1.7438	1.7444	1.7466	1.748	1.7455	1.7383
2021-07-12	17:07:33:590	112	1.7511	0.0031	1.7438	1.7444	1.7518	1.748	1.7455	1.7434
2021-07-12	17:07:33:693	113	1.7511	0.0031	1.7438	1.7444	1.7518	1.748	1.7455	1.7434
2021-07-12	17:07:33:797	114	1.7511	0.0031	1.7489	1.7444	1.7518	1.748	1.7455	1.7434
2021-07-12	17:07:33:900	115	1.7511	0.0031	1.7489	1.7444	1.7466	1.748	1.7455	1.7434
2021-07-12	17:07:34:004	116	1.7511	0.0031	1.7438	1.7444	1.7518	1.748	1.7404	1.7434
2021-07-12	17:07:34:107	117	1.7511	0.0031	1.7489	1.7444	1.7466	1.748	1.7455	1.7434
2021-07-12	17:07:34:211	118	1.7511	0.0031	1.7489	1.7444	1.7466	1.748	1.7455	1.7434
2021-07-12	17:07:34:314	119	1.7511	0.0031	1.7489	1.7444	1.7466	1.748	1.7404	1.7434
2021-07-12	17:07:34:418	120	1.7511	0.0031	1.7438	1.7444	1.7466	1.748	1.7455	1.7434
2021-07-12	17:07:34:522	121	1.7511	0.0031	1.7438	1.7444	1.7466	1.748	1.7455	1.7383
2021-07-12	17:07:34:626	122	1.7511	0.0031	1.7489	1.7444	1.7466	1.7531	1.7455	1.7434
2021-07-12	17:07:34:729	123	1.7511	0.0031	1.7438	1.7444	1.7518	1.748	1.7455	1.7434
2021-07-12	17:07:34:833	124	1.7511	0.0031	1.7438	1.7444	1.7466	1.748	1.7455	1.7434
2021-07-12	17:07:34:936	125	1.7511	0.0031	1.7438	1.7444	1.7466	1.748	1.7455	1.7434
2021-07-12	17:07:35:040	126	1.7511	0.0031	1.7438	1.7444	1.7518	1.748	1.7455	1.7383
2021-07-12	17:07:35:143	127	1.7511	0.0031	1.7438	1.7444	1.7518	1.748	1.7455	1.7434
2021-07-12	17:07:35:247	128	1.7511	0.0031	1.7489	1.7444	1.7518	1.748	1.7455	1.7434
2021-07-12	17:07:35:350	129	1.7511	0.0031	1.7489	1.7444	1.7466	1.748	1.7455	1.7434
2021-07-12	17:07:35:454	130	1.7511	0.0031	1.7438	1.7393	1.7466	1.748	1.7455	1.7434
2021-07-12	17:07:35:557	131	1.7511	0.0031	1.7438	1.7444	1.7466	1.748	1.7455	1.7434
2021-07-12	17:07:35:661	132	1.7511	0.0031	1.7489	1.7444	1.7518	1.748	1.7455	1.7434
2021-07-12	17:07:35:764	133	1.7511	0.0031	1.7489	1.7444	1.7466	1.748	1.7455	1.7434
2021-07-12	17:07:35:868	134	1.7511	0.0031	1.7438	1.7444	1.7518	1.748	1.7455	1.7434
2021-07-12	17:07:35:971	135	1.7511	0.0031	1.7438	1.7444	1.7466	1.748	1.7455	1.7434
2021-07-12	17:07:36:075	136	1.7511	0.0031	1.7489	1.7444	1.7466	1.748	1.7455	1.7434
2021-07-12	17:07:36:178	137	1.7511	0.0031	1.7438	1.7444	1.7518	1.748	1.7455	1.7434
2021-07-12	17:07:36:282	138	1.7511	0.0031	1.7489	1.7444	1.7466	1.748	1.7455	1.7434
2021-07-12	17:07:36:387	139	1.7511	0.0031	1.7438	1.7444	1.7518	1.748	1.7455	1.7434
2021-07-12	17:07:36:490	140	1.7511	0.0031	1.7438	1.7444	1.7518	1.748	1.7455	1.7434
2021-07-12	17:07:36:593	141	1.7511	0.0031	1.7489	1.7444	1.7518	1.748	1.7455	1.7434
2021-07-12	17:07:36:697	142	1.7511	0.0031	1.7438	1.7444	1.7518	1.748	1.7455	1.7434
2021-07-12	17:07:36:800	143	1.7511	0.0031	1.7438	1.7444	1.7518	1.748	1.7455	1.7434
2021-07-12	17:07:36:904	144	1.7511	0.0031	1.7438	1.7444	1.7518	1.748	1.7455	1.7434
2021-07-12	17:07:37:007	145	1.7511	0.0031	1.7489	1.7444	1.7518	1.748	1.7455	1.7434
2021-07-12	17:07:37:110	146	1.7511	0.0031	1.7438	1.7496	1.7466	1.748	1.7455	1.7434
2021-07-12	17:07:37:214	147	1.7511	0.0031	1.7489	1.7444	1.7466	1.748	1.7455	1.7434
2021-07-12	17:07:37:318	148	1.7511	0.0031	1.7438	1.7444	1.7518	1.748	1.7455	1.7434
2021-07-12	17:07:37:421	149	1.7511	0.0031	1.7489	1.7393	1.7466	1.7429	1.7455	1.7434
